2024-07-17 20:08:27,720:INFO:TRAIN-BATCH Iter: 1000, t = 140.5865
 alloc: 
[[9.9963498e-01 1.5540828e-04 2.4650466e-05]
 [1.3415332e-05 9.9955779e-01 4.0933129e-04]
 [6.4853863e-05 2.8686284e-04 9.9943882e-01]], 
 pay: 
 [0.4232734 0.8591463 0.       ], 
 ad: 
 [[0.42340633 0.4816727  0.4569607 ]
 [0.95378846 0.85943854 0.32958248]], 
 org_bid: 
 [[0. 0. 0.]], 
 bid: 
 [[0.42340633 0.4816727  0.4569607 ]
 [0.95378846 0.85943854 0.32958248]
 [0.         0.         0.        ]], 
 vol: 
 [[0.5652483  0.977802   0.7574275 ]
 [0.2124004  0.50555396 0.5552935 ]
 [0.42298427 0.6672265  0.29976228]]
2024-07-17 20:08:27,822:INFO:TRAIN-BATCH Iter: 1000, t = 140.8840, Revenue: 1.259374, gmv: 0.520557, Regret: 0.000209, Reg_Loss: 0.000000, Lag_Loss: 0.000869, Net_Loss: -1.779063, w_rgt_mean: 2.080614, update_rate: 0.500000
2024-07-17 20:10:50,382:INFO:TRAIN-BATCH Iter: 2000, t = 277.4583
 alloc: 
[[9.9998200e-01 4.6473924e-06 7.9258200e-07]
 [1.3747476e-06 9.9984145e-01 1.5585602e-04]
 [4.1456351e-06 1.3976599e-04 9.9979037e-01]], 
 pay: 
 [0.87254655 0.58362335 0.        ], 
 ad: 
 [[0.8725871  0.13597919 0.9544265 ]
 [0.96312094 0.5837074  0.14966351]], 
 org_bid: 
 [[0. 0. 0.]], 
 bid: 
 [[0.8725871  0.13597919 0.9544265 ]
 [0.96312094 0.5837074  0.14966351]
 [0.         0.         0.        ]], 
 vol: 
 [[0.98373973 0.924809   0.9485562 ]
 [0.23015703 0.13542637 0.04831022]
 [0.52982646 0.5489458  0.02364661]]
2024-07-17 20:10:50,405:INFO:TRAIN-BATCH Iter: 2000, t = 277.6072, Revenue: 1.254800, gmv: 0.569443, Regret: 0.000010, Reg_Loss: 0.000000, Lag_Loss: 0.000042, Net_Loss: -1.824201, w_rgt_mean: 2.080753, update_rate: 0.500000
2024-07-17 20:13:12,939:INFO:TRAIN-BATCH Iter: 3000, t = 414.2318
 alloc: 
[[9.9992514e-01 6.8667912e-05 9.7800330e-07]
 [3.3403072e-08 6.5791937e-05 9.9993396e-01]
 [6.9348964e-05 9.9982750e-01 4.8683076e-05]], 
 pay: 
 [0.796086   0.17784458 0.        ], 
 ad: 
 [[0.79610467 0.74833935 0.32268652]
 [0.16481224 0.19000207 0.17784546]], 
 org_bid: 
 [[0. 0. 0.]], 
 bid: 
 [[0.79610467 0.74833935 0.32268652]
 [0.16481224 0.19000207 0.17784546]
 [0.         0.         0.        ]], 
 vol: 
 [[0.7806289  0.16622591 0.07765102]
 [0.77246815 0.656367   0.67429066]
 [0.80929947 0.78346133 0.32821313]]
2024-07-17 20:13:12,960:INFO:TRAIN-BATCH Iter: 3000, t = 414.3907, Revenue: 1.242700, gmv: 0.571199, Regret: 0.000003, Reg_Loss: 0.000000, Lag_Loss: 0.000013, Net_Loss: -1.813886, w_rgt_mean: 2.080852, update_rate: 0.500000
2024-07-17 20:15:36,013:INFO:TRAIN-BATCH Iter: 4000, t = 551.7447
 alloc: 
[[9.9995840e-01 3.6114630e-05 5.1125124e-07]
 [1.7213186e-08 2.2762692e-05 9.9997711e-01]
 [3.9351315e-05 9.9991679e-01 1.3262939e-05]], 
 pay: 
 [0.97816145 0.8243898  0.        ], 
 ad: 
 [[0.97818226 0.68217885 0.06576802]
 [0.07783144 0.68137664 0.82439643]], 
 org_bid: 
 [[0. 0. 0.]], 
 bid: 
 [[0.97818226 0.68217885 0.06576802]
 [0.07783144 0.68137664 0.82439643]
 [0.         0.         0.        ]], 
 vol: 
 [[0.6511491  0.21946634 0.37790722]
 [0.20325212 0.37935933 0.8660402 ]
 [0.89020854 0.987104   0.28940377]]
2024-07-17 20:15:36,038:INFO:TRAIN-BATCH Iter: 4000, t = 551.9016, Revenue: 1.206165, gmv: 0.566220, Regret: 0.000002, Reg_Loss: 0.000000, Lag_Loss: 0.000009, Net_Loss: -1.772377, w_rgt_mean: 2.080866, update_rate: 0.500000
2024-07-17 20:17:58,597:INFO:TRAIN-BATCH Iter: 5000, t = 688.8902
 alloc: 
[[9.9999201e-01 2.0380085e-06 4.1369205e-07]
 [3.4186095e-07 9.9999344e-01 3.6070903e-06]
 [1.3718887e-06 4.5004053e-06 9.9998796e-01]], 
 pay: 
 [0.4818459 0.916009  0.       ], 
 ad: 
 [[0.48185048 0.38528192 0.20077339]
 [0.4461869  0.91601485 0.6604846 ]], 
 org_bid: 
 [[0. 0. 0.]], 
 bid: 
 [[0.48185048 0.38528192 0.20077339]
 [0.4461869  0.91601485 0.6604846 ]
 [0.         0.         0.        ]], 
 vol: 
 [[0.6807441  0.22698322 0.6673452 ]
 [0.52567977 0.33658335 0.03966382]
 [0.59373724 0.03669599 0.4216517 ]]
2024-07-17 20:17:58,617:INFO:TRAIN-BATCH Iter: 5000, t = 689.0290, Revenue: 1.275411, gmv: 0.560573, Regret: 0.000002, Reg_Loss: 0.000000, Lag_Loss: 0.000010, Net_Loss: -1.835974, w_rgt_mean: 2.080950, update_rate: 0.500000
2024-07-17 20:20:22,184:INFO:TRAIN-BATCH Iter: 6000, t = 827.0802
 alloc: 
[[9.9999750e-01 2.2991645e-07 3.7626080e-08]
 [3.3542175e-08 9.9999464e-01 3.6231750e-06]
 [1.0366468e-07 2.1835306e-06 9.9998689e-01]], 
 pay: 
 [0.67514724 0.9563623  0.        ], 
 ad: 
 [[0.67515045 0.04161531 0.7851304 ]
 [0.18850368 0.95636827 0.07921304]], 
 org_bid: 
 [[0. 0. 0.]], 
 bid: 
 [[0.67515045 0.04161531 0.7851304 ]
 [0.18850368 0.95636827 0.07921304]
 [0.         0.         0.        ]], 
 vol: 
 [[0.41747555 0.4760116  0.720436  ]
 [0.10024966 0.9627434  0.33817565]
 [0.43306908 0.7670741  0.25546947]]
2024-07-17 20:20:22,205:INFO:TRAIN-BATCH Iter: 6000, t = 827.2319, Revenue: 1.307041, gmv: 0.549009, Regret: 0.000000, Reg_Loss: 0.000000, Lag_Loss: 0.000002, Net_Loss: -1.856048, w_rgt_mean: 2.080958, update_rate: 0.500000
2024-07-17 20:22:45,134:INFO:TRAIN-BATCH Iter: 7000, t = 964.6256
 alloc: 
[[1.9809402e-06 9.9999738e-01 3.6861959e-08]
 [9.4421342e-09 3.0132711e-07 9.9999702e-01]
 [9.9999607e-01 1.9957108e-06 8.4172207e-08]], 
 pay: 
 [0.9089787  0.45272508 0.        ], 
 ad: 
 [[0.43013537 0.9089812  0.764643  ]
 [0.21742041 0.64284444 0.4527266 ]], 
 org_bid: 
 [[0. 0. 0.]], 
 bid: 
 [[0.43013537 0.9089812  0.764643  ]
 [0.21742041 0.64284444 0.4527266 ]
 [0.         0.         0.        ]], 
 vol: 
 [[0.9131558  0.54910356 0.22165583]
 [0.9420223  0.09838726 0.07537982]
 [0.69610524 0.6736989  0.23789322]]
2024-07-17 20:22:45,156:INFO:TRAIN-BATCH Iter: 7000, t = 964.7858, Revenue: 1.268973, gmv: 0.556541, Regret: 0.000001, Reg_Loss: 0.000000, Lag_Loss: 0.000003, Net_Loss: -1.825511, w_rgt_mean: 2.080967, update_rate: 0.500000
2024-07-17 20:25:09,956:INFO:TRAIN-BATCH Iter: 8000, t = 1103.9379
 alloc: 
[[9.9999845e-01 7.1080922e-07 2.7484838e-08]
 [7.7455118e-09 9.9999857e-01 9.9367696e-07]
 [5.0141523e-07 6.8161518e-07 9.9999833e-01]], 
 pay: 
 [0.04342346 0.869399   0.        ], 
 ad: 
 [[0.0434235  0.05610153 0.99986815]
 [0.38645235 0.8694007  0.42049924]], 
 org_bid: 
 [[0. 0. 0.]], 
 bid: 
 [[0.0434235  0.05610153 0.99986815]
 [0.38645235 0.8694007  0.42049924]
 [0.         0.         0.        ]], 
 vol: 
 [[0.06150167 0.64003795 0.5884334 ]
 [0.09359921 0.6914467  0.42109492]
 [0.5402928  0.2960255  0.20171489]]
2024-07-17 20:25:09,979:INFO:TRAIN-BATCH Iter: 8000, t = 1104.0810, Revenue: 1.260330, gmv: 0.548771, Regret: 0.000001, Reg_Loss: 0.000000, Lag_Loss: 0.000005, Net_Loss: -1.809095, w_rgt_mean: 2.080981, update_rate: 0.500000
2024-07-17 20:27:32,085:INFO:TRAIN-BATCH Iter: 9000, t = 1240.6804
 alloc: 
[[9.9999702e-01 2.9198575e-06 5.2445078e-08]
 [3.6304773e-10 2.2469369e-06 9.9999774e-01]
 [1.9231097e-06 9.9999273e-01 5.7011334e-07]], 
 pay: 
 [0.61796236 0.06721872 0.        ], 
 ad: 
 [[0.6179638  0.2556093  0.71359706]
 [0.9511694  0.04911396 0.06721878]], 
 org_bid: 
 [[0. 0. 0.]], 
 bid: 
 [[0.6179638  0.2556093  0.71359706]
 [0.9511694  0.04911396 0.06721878]
 [0.         0.         0.        ]], 
 vol: 
 [[0.8844186  0.18198903 0.54897183]
 [0.73464006 0.24840815 0.12964563]
 [0.22661535 0.7588848  0.06502172]]
2024-07-17 20:27:32,106:INFO:TRAIN-BATCH Iter: 9000, t = 1240.8193, Revenue: 1.215826, gmv: 0.571564, Regret: 0.000000, Reg_Loss: 0.000000, Lag_Loss: 0.000001, Net_Loss: -1.787390, w_rgt_mean: 2.080984, update_rate: 0.500000
2024-07-17 20:29:54,363:INFO:TRAIN-BATCH Iter: 10000, t = 1377.5392
 alloc: 
[[4.6671698e-07 9.9999952e-01 1.1264195e-09]
 [2.7038363e-11 4.3539693e-08 9.9999869e-01]
 [9.9999797e-01 2.7681943e-07 2.4737465e-08]], 
 pay: 
 [0.83365905 0.16724949 0.        ], 
 ad: 
 [[0.17767093 0.8336597  0.4221617 ]
 [0.87409985 0.1345169  0.16724975]], 
 org_bid: 
 [[0. 0. 0.]], 
 bid: 
 [[0.17767093 0.8336597  0.4221617 ]
 [0.87409985 0.1345169  0.16724975]
 [0.         0.         0.        ]], 
 vol: 
 [[0.05107643 0.8148393  0.11095619]
 [0.24697104 0.8635821  0.38518482]
 [0.74240047 0.7397542  0.6814829 ]]
2024-07-17 20:29:54,460:INFO:TRAIN-BATCH Iter: 10000, t = 1377.7615, Revenue: 1.264203, gmv: 0.545957, Regret: 0.000000, Reg_Loss: 0.000000, Lag_Loss: 0.000000, Net_Loss: -1.810159, w_rgt_mean: 2.080986, update_rate: 1.000000
2024-07-17 20:30:15,779:INFO:VAL-10000, Revenue: 1.249552, gmv: 0.551152, Regret: 0.000000, Reg_Loss: 0.000000, Lag_Loss: 0.000000, Net_Loss: -1.800704, w_rgt_mean: 2.080986, update_rate: 1.000000
2024-07-17 20:32:38,509:INFO:TRAIN-BATCH Iter: 11000, t = 1514.9672
 alloc: 
[[9.9999893e-01 1.0489366e-06 2.6904450e-08]
 [4.4227733e-10 5.1395847e-07 9.9999952e-01]
 [1.9380438e-07 9.9999690e-01 2.6948757e-07]], 
 pay: 
 [0.82335794 0.9580397  0.        ], 
 ad: 
 [[0.8233582  0.7537889  0.14769793]
 [0.3739459  0.6063985  0.9580401 ]], 
 org_bid: 
 [[0. 0. 0.]], 
 bid: 
 [[0.8233582  0.7537889  0.14769793]
 [0.3739459  0.6063985  0.9580401 ]
 [0.         0.         0.        ]], 
 vol: 
 [[0.44039044 0.524905   0.09390344]
 [0.45765203 0.35118863 0.5003805 ]
 [0.6526474  0.51699054 0.00214305]]
2024-07-17 20:32:38,531:INFO:TRAIN-BATCH Iter: 11000, t = 1515.1049, Revenue: 1.247539, gmv: 0.561987, Regret: 0.000000, Reg_Loss: 0.000000, Lag_Loss: 0.000001, Net_Loss: -1.809525, w_rgt_mean: 2.081007, update_rate: 1.000000
2024-07-17 20:34:59,805:INFO:TRAIN-BATCH Iter: 12000, t = 1650.9243
 alloc: 
[[1.2938258e-07 9.9999976e-01 2.6948832e-09]
 [2.6378014e-11 1.0205380e-08 9.9999976e-01]
 [9.9999964e-01 2.5459056e-07 2.2257531e-09]], 
 pay: 
 [0.36449265 0.27424264 0.        ], 
 ad: 
 [[0.14246461 0.3644929  0.2828822 ]
 [0.8607754  0.01000771 0.27424276]], 
 org_bid: 
 [[0. 0. 0.]], 
 bid: 
 [[0.14246461 0.3644929  0.2828822 ]
 [0.8607754  0.01000771 0.27424276]
 [0.         0.         0.        ]], 
 vol: 
 [[0.33500594 0.37280935 0.6263069 ]
 [0.9978638  0.22697252 0.714976  ]
 [0.9033916  0.80109984 0.65651804]]
2024-07-17 20:34:59,824:INFO:TRAIN-BATCH Iter: 12000, t = 1651.0663, Revenue: 1.264110, gmv: 0.542366, Regret: 0.000000, Reg_Loss: 0.000000, Lag_Loss: 0.000001, Net_Loss: -1.806475, w_rgt_mean: 2.081011, update_rate: 1.000000
2024-07-17 20:37:23,331:INFO:TRAIN-BATCH Iter: 13000, t = 1788.9983
 alloc: 
[[1.0238726e-07 9.9999988e-01 5.0822853e-11]
 [2.4199547e-11 4.9586544e-09 9.9999964e-01]
 [9.9999893e-01 1.4154676e-07 3.2653522e-09]], 
 pay: 
 [0.79136413 0.61881673 0.        ], 
 ad: 
 [[0.4974302  0.7913645  0.7643663 ]
 [0.9155748  0.5708356  0.61881703]], 
 org_bid: 
 [[0. 0. 0.]], 
 bid: 
 [[0.4974302  0.7913645  0.7643663 ]
 [0.9155748  0.5708356  0.61881703]
 [0.         0.         0.        ]], 
 vol: 
 [[0.28073537 0.88541657 0.693931  ]
 [0.6297417  0.7861798  0.9948636 ]
 [0.27394027 0.8874341  0.7165333 ]]
2024-07-17 20:37:23,350:INFO:TRAIN-BATCH Iter: 13000, t = 1789.1404, Revenue: 1.293422, gmv: 0.541022, Regret: 0.012648, Reg_Loss: 0.000260, Lag_Loss: 0.053028, Net_Loss: -1.781155, w_rgt_mean: 2.093666, update_rate: 1.000000
2024-07-17 20:39:45,969:INFO:TRAIN-BATCH Iter: 14000, t = 1926.2470
 alloc: 
[[1.2898133e-07 9.9999988e-01 3.0456613e-11]
 [2.6734502e-11 1.5264265e-08 9.9999988e-01]
 [9.9999964e-01 1.5110716e-07 7.3448851e-09]], 
 pay: 
 [0.8183112  0.03065408 0.        ], 
 ad: 
 [[0.24694216 0.81831145 0.5867243 ]
 [0.33896902 0.6280193  0.03065411]], 
 org_bid: 
 [[0. 0. 0.]], 
 bid: 
 [[0.24694216 0.81831145 0.5867243 ]
 [0.33896902 0.6280193  0.03065411]
 [0.         0.         0.        ]], 
 vol: 
 [[0.13331622 0.57995844 0.15807189]
 [0.05462057 0.6350177  0.598976  ]
 [0.43463787 0.4624751  0.1822099 ]]
2024-07-17 20:39:45,990:INFO:TRAIN-BATCH Iter: 14000, t = 1926.3890, Revenue: 1.232651, gmv: 0.553562, Regret: 0.000000, Reg_Loss: 0.000000, Lag_Loss: 0.000001, Net_Loss: -1.786213, w_rgt_mean: 2.093671, update_rate: 1.000000
2024-07-17 20:42:13,761:INFO:TRAIN-BATCH Iter: 15000, t = 2068.4532
 alloc: 
[[9.9999845e-01 1.2336005e-06 2.2583175e-09]
 [7.1282737e-11 3.0171617e-07 9.9999964e-01]
 [3.9596270e-07 9.9999833e-01 9.0352131e-08]], 
 pay: 
 [0.5430026 0.1899955 0.       ], 
 ad: 
 [[0.54300344 0.05810701 0.01290138]
 [0.507101   0.1757975  0.18999559]], 
 org_bid: 
 [[0. 0. 0.]], 
 bid: 
 [[0.54300344 0.05810701 0.01290138]
 [0.507101   0.1757975  0.18999559]
 [0.         0.         0.        ]], 
 vol: 
 [[0.47824252 0.27983007 0.4158204 ]
 [0.08003426 0.22350304 0.01726563]
 [0.65354645 0.38431832 0.25114307]]
2024-07-17 20:42:13,782:INFO:TRAIN-BATCH Iter: 15000, t = 2068.6090, Revenue: 1.248325, gmv: 0.553475, Regret: 0.000000, Reg_Loss: 0.000000, Lag_Loss: 0.000001, Net_Loss: -1.801800, w_rgt_mean: 2.093675, update_rate: 1.000000
2024-07-17 20:44:48,794:INFO:TRAIN-BATCH Iter: 16000, t = 2217.5882
 alloc: 
[[1.0000000e+00 1.0834654e-10 3.6951449e-12]
 [5.7017557e-11 9.9999988e-01 3.0537919e-08]
 [1.8235739e-10 1.0901267e-08 9.9999976e-01]], 
 pay: 
 [0.50892055 0.85500073 0.        ], 
 ad: 
 [[0.50892055 0.24014112 0.7464424 ]
 [0.8740896  0.85500103 0.130981  ]], 
 org_bid: 
 [[0. 0. 0.]], 
 bid: 
 [[0.50892055 0.24014112 0.7464424 ]
 [0.8740896  0.85500103 0.130981  ]
 [0.         0.         0.        ]], 
 vol: 
 [[0.19766766 0.38983607 0.14236668]
 [0.20215738 0.02077292 0.3345003 ]
 [0.49920052 0.18110487 0.78109026]]
2024-07-17 20:44:48,816:INFO:TRAIN-BATCH Iter: 16000, t = 2217.7556, Revenue: 1.242263, gmv: 0.551375, Regret: 0.000000, Reg_Loss: 0.000000, Lag_Loss: 0.000001, Net_Loss: -1.793637, w_rgt_mean: 2.093676, update_rate: 1.000000
2024-07-17 20:47:25,705:INFO:TRAIN-BATCH Iter: 17000, t = 2368.5519
 alloc: 
[[9.9999976e-01 1.6867450e-07 3.3634784e-09]
 [5.6951002e-12 1.9064642e-07 9.9999976e-01]
 [9.5778056e-08 9.9999869e-01 5.7649281e-08]], 
 pay: 
 [0.75947934 0.99467844 0.        ], 
 ad: 
 [[0.7594794  0.6786307  0.15252158]
 [0.73354656 0.41674504 0.9946786 ]], 
 org_bid: 
 [[0. 0. 0.]], 
 bid: 
 [[0.7594794  0.6786307  0.15252158]
 [0.73354656 0.41674504 0.9946786 ]
 [0.         0.         0.        ]], 
 vol: 
 [[0.37333056 0.01466679 0.00766681]
 [0.37681618 0.9709824  0.9574032 ]
 [0.4370804  0.5057742  0.5157047 ]]
2024-07-17 20:47:25,728:INFO:TRAIN-BATCH Iter: 17000, t = 2368.7102, Revenue: 1.273144, gmv: 0.548139, Regret: 0.000000, Reg_Loss: 0.000000, Lag_Loss: 0.000000, Net_Loss: -1.821283, w_rgt_mean: 2.093678, update_rate: 1.000000
2024-07-17 20:50:01,469:INFO:TRAIN-BATCH Iter: 18000, t = 2518.2835
 alloc: 
[[3.7052025e-08 1.0000000e+00 1.9903343e-12]
 [3.5284137e-12 3.3415968e-09 9.9999976e-01]
 [9.9999964e-01 3.7729087e-08 7.3911033e-10]], 
 pay: 
 [0.9637538  0.45445445 0.        ], 
 ad: 
 [[0.3251035  0.9637538  0.8235073 ]
 [0.381802   0.24080506 0.45445457]], 
 org_bid: 
 [[0. 0. 0.]], 
 bid: 
 [[0.3251035  0.9637538  0.8235073 ]
 [0.381802   0.24080506 0.45445457]
 [0.         0.         0.        ]], 
 vol: 
 [[0.73734534 0.97727513 0.6116931 ]
 [0.78945386 0.69353116 0.80216247]
 [0.5927062  0.88295436 0.89736915]]
2024-07-17 20:50:01,495:INFO:TRAIN-BATCH Iter: 18000, t = 2518.4524, Revenue: 1.231709, gmv: 0.562480, Regret: 0.000000, Reg_Loss: 0.000000, Lag_Loss: 0.000000, Net_Loss: -1.794189, w_rgt_mean: 2.093679, update_rate: 1.000000
2024-07-17 20:52:39,549:INFO:TRAIN-BATCH Iter: 19000, t = 2670.2698
 alloc: 
[[9.99999762e-01 2.20789488e-07 4.62830496e-10]
 [1.29839997e-12 1.04118314e-07 9.99999881e-01]
 [1.26692456e-07 9.99999404e-01 6.33808313e-08]], 
 pay: 
 [0.36545205 0.39877337 0.        ], 
 ad: 
 [[0.36545214 0.02445509 0.99778837]
 [0.7678951  0.5150813  0.3987736 ]], 
 org_bid: 
 [[0. 0. 0.]], 
 bid: 
 [[0.36545214 0.02445509 0.99778837]
 [0.7678951  0.5150813  0.3987736 ]
 [0.         0.         0.        ]], 
 vol: 
 [[0.24775034 0.5348284  0.7579187 ]
 [0.9151704  0.5514495  0.6705199 ]
 [0.9318946  0.72715366 0.18376473]]
2024-07-17 20:52:39,572:INFO:TRAIN-BATCH Iter: 19000, t = 2670.4393, Revenue: 1.289677, gmv: 0.532357, Regret: 0.000000, Reg_Loss: 0.000000, Lag_Loss: 0.000000, Net_Loss: -1.822033, w_rgt_mean: 2.093680, update_rate: 1.000000
2024-07-17 20:55:16,409:INFO:TRAIN-BATCH Iter: 20000, t = 2821.1372
 alloc: 
[[1.0000000e+00 4.0329611e-11 3.9498660e-12]
 [1.5592120e-13 1.0000000e+00 8.3989784e-09]
 [3.6906953e-11 1.1460113e-08 9.9999988e-01]], 
 pay: 
 [0.35468027 0.173092   0.        ], 
 ad: 
 [[0.35468027 0.32187572 0.32971784]
 [0.5472876  0.173092   0.4261813 ]], 
 org_bid: 
 [[0. 0. 0.]], 
 bid: 
 [[0.35468027 0.32187572 0.32971784]
 [0.5472876  0.173092   0.4261813 ]
 [0.         0.         0.        ]], 
 vol: 
 [[0.3430024  0.32595086 0.23494864]
 [0.5285781  0.6791796  0.20996979]
 [0.36101058 0.18109256 0.8282937 ]]
2024-07-17 20:55:16,437:INFO:TRAIN-BATCH Iter: 20000, t = 2821.2916, Revenue: 1.236567, gmv: 0.540182, Regret: 0.000000, Reg_Loss: 0.000000, Lag_Loss: 0.000001, Net_Loss: -1.776748, w_rgt_mean: 2.093683, update_rate: 1.500000
2024-07-17 20:55:39,430:INFO:VAL-20000, Revenue: 1.233848, gmv: 0.549851, Regret: 0.000041, Reg_Loss: 0.000000, Lag_Loss: 0.000171, Net_Loss: -1.783527, w_rgt_mean: 2.093683, update_rate: 1.500000
2024-07-17 20:58:16,306:INFO:TRAIN-BATCH Iter: 21000, t = 2971.9518
 alloc: 
[[9.9999964e-01 3.0682344e-07 8.1369411e-11]
 [2.7086181e-12 4.4318917e-08 1.0000000e+00]
 [3.3145632e-08 9.9999893e-01 6.3564820e-09]], 
 pay: 
 [0.13643163 0.14020428 0.        ], 
 ad: 
 [[0.13643162 0.25853774 0.10601663]
 [0.27401233 0.06917477 0.14020428]], 
 org_bid: 
 [[0. 0. 0.]], 
 bid: 
 [[0.13643162 0.25853774 0.10601663]
 [0.27401233 0.06917477 0.14020428]
 [0.         0.         0.        ]], 
 vol: 
 [[0.7307445  0.05741478 0.37029487]
 [0.41585538 0.49810076 0.12331337]
 [0.9431626  0.4662495  0.536607  ]]
2024-07-17 20:58:16,327:INFO:TRAIN-BATCH Iter: 21000, t = 2972.1178, Revenue: 1.248096, gmv: 0.552163, Regret: 0.000000, Reg_Loss: 0.000000, Lag_Loss: 0.000000, Net_Loss: -1.800258, w_rgt_mean: 2.093685, update_rate: 1.500000
2024-07-17 21:00:54,117:INFO:TRAIN-BATCH Iter: 22000, t = 3123.7026
 alloc: 
[[4.6397393e-08 1.0000000e+00 1.8069081e-12]
 [3.9176290e-14 9.4137820e-10 1.0000000e+00]
 [9.9999988e-01 1.6795051e-08 2.7274813e-10]], 
 pay: 
 [0.67434955 0.5612645  0.        ], 
 ad: 
 [[0.17774823 0.67434955 0.08813378]
 [0.1426984  0.3301042  0.5612645 ]], 
 org_bid: 
 [[0. 0. 0.]], 
 bid: 
 [[0.17774823 0.67434955 0.08813378]
 [0.1426984  0.3301042  0.5612645 ]
 [0.         0.         0.        ]], 
 vol: 
 [[0.6926559  0.49155015 0.6139858 ]
 [0.41858384 0.42167103 0.58832   ]
 [0.00437346 0.20070273 0.7891777 ]]
2024-07-17 21:00:54,138:INFO:TRAIN-BATCH Iter: 22000, t = 3123.8656, Revenue: 1.278591, gmv: 0.564049, Regret: 0.000000, Reg_Loss: 0.000000, Lag_Loss: 0.000001, Net_Loss: -1.842640, w_rgt_mean: 2.093688, update_rate: 1.500000
2024-07-17 21:03:27,863:INFO:TRAIN-BATCH Iter: 23000, t = 3271.5917
 alloc: 
[[1.6232310e-08 1.0000000e+00 4.6953592e-13]
 [8.1139631e-14 1.3640944e-09 1.0000000e+00]
 [1.0000000e+00 1.0960582e-08 3.2921171e-10]], 
 pay: 
 [0.9529031  0.16695741 0.        ], 
 ad: 
 [[0.38299862 0.9529031  0.37064415]
 [0.7235161  0.23522934 0.16695741]], 
 org_bid: 
 [[0. 0. 0.]], 
 bid: 
 [[0.38299862 0.9529031  0.37064415]
 [0.7235161  0.23522934 0.16695741]
 [0.         0.         0.        ]], 
 vol: 
 [[0.50293064 0.3734769  0.7032896 ]
 [0.34950465 0.44504604 0.79236525]
 [0.5889498  0.664632   0.22875075]]
2024-07-17 21:03:27,884:INFO:TRAIN-BATCH Iter: 23000, t = 3271.7531, Revenue: 1.217746, gmv: 0.569512, Regret: 0.000000, Reg_Loss: 0.000000, Lag_Loss: 0.000000, Net_Loss: -1.787258, w_rgt_mean: 2.093691, update_rate: 1.500000
2024-07-17 21:06:02,498:INFO:TRAIN-BATCH Iter: 24000, t = 3420.2919
 alloc: 
[[2.4966388e-08 1.0000000e+00 3.1998568e-13]
 [2.5304745e-13 2.7259572e-10 1.0000000e+00]
 [1.0000000e+00 5.6904197e-09 5.2786969e-11]], 
 pay: 
 [0.6560693  0.67563456 0.        ], 
 ad: 
 [[0.54238796 0.6560693  0.47510853]
 [0.07793564 0.5743951  0.67563456]], 
 org_bid: 
 [[0. 0. 0.]], 
 bid: 
 [[0.54238796 0.6560693  0.47510853]
 [0.07793564 0.5743951  0.67563456]
 [0.         0.         0.        ]], 
 vol: 
 [[0.5420192  0.73891324 0.8413293 ]
 [0.7705797  0.12230296 0.89469296]
 [0.79278547 0.9201595  0.603823  ]]
2024-07-17 21:06:02,518:INFO:TRAIN-BATCH Iter: 24000, t = 3420.4584, Revenue: 1.312176, gmv: 0.535510, Regret: 0.000000, Reg_Loss: 0.000000, Lag_Loss: 0.000001, Net_Loss: -1.847685, w_rgt_mean: 2.093694, update_rate: 1.500000
2024-07-17 21:08:39,368:INFO:TRAIN-BATCH Iter: 25000, t = 3571.0565
 alloc: 
[[9.9999869e-01 1.1719715e-08 1.0192140e-12]
 [9.0113674e-14 1.0000000e+00 7.2198758e-10]
 [4.3294230e-09 3.1808456e-10 9.9999917e-01]], 
 pay: 
 [0.06269541 0.90468776 0.        ], 
 ad: 
 [[0.06269548 0.4327735  0.827929  ]
 [0.7441452  0.90468776 0.32928568]], 
 org_bid: 
 [[0. 0. 0.]], 
 bid: 
 [[0.06269548 0.4327735  0.827929  ]
 [0.7441452  0.90468776 0.32928568]
 [0.         0.         0.        ]], 
 vol: 
 [[0.13491777 0.9086577  0.36007744]
 [0.21334092 0.6764766  0.5431928 ]
 [0.8169367  0.75306815 0.9746699 ]]
2024-07-17 21:08:39,389:INFO:TRAIN-BATCH Iter: 25000, t = 3571.2189, Revenue: 1.261519, gmv: 0.552488, Regret: 0.000000, Reg_Loss: 0.000000, Lag_Loss: 0.000001, Net_Loss: -1.814007, w_rgt_mean: 2.093697, update_rate: 1.500000
2024-07-17 21:11:15,340:INFO:TRAIN-BATCH Iter: 26000, t = 3720.9515
 alloc: 
[[9.9999988e-01 1.5923586e-10 1.2553401e-13]
 [1.7733135e-14 1.0000000e+00 5.7907756e-10]
 [1.7105938e-11 9.8218500e-10 1.0000000e+00]], 
 pay: 
 [0.37007964 0.6752902  0.        ], 
 ad: 
 [[0.37007967 0.2721466  0.5628484 ]
 [0.99680215 0.6752902  0.72831565]], 
 org_bid: 
 [[0. 0. 0.]], 
 bid: 
 [[0.37007967 0.2721466  0.5628484 ]
 [0.99680215 0.6752902  0.72831565]
 [0.         0.         0.        ]], 
 vol: 
 [[0.18364847 0.1851598  0.83432096]
 [0.0923456  0.9437637  0.2665977 ]
 [0.8047808  0.5956926  0.77432364]]
2024-07-17 21:11:15,365:INFO:TRAIN-BATCH Iter: 26000, t = 3721.1135, Revenue: 1.235853, gmv: 0.567204, Regret: 0.000000, Reg_Loss: 0.000000, Lag_Loss: 0.000000, Net_Loss: -1.803057, w_rgt_mean: 2.093699, update_rate: 1.500000
2024-07-17 21:13:50,464:INFO:TRAIN-BATCH Iter: 27000, t = 3870.0115
 alloc: 
[[9.9999988e-01 6.2450233e-08 2.0884171e-11]
 [2.4400588e-13 9.8303673e-08 9.9999988e-01]
 [1.1556606e-08 9.9999940e-01 3.0371430e-09]], 
 pay: 
 [0.98866916 0.90840644 0.        ], 
 ad: 
 [[0.9886692  0.8854247  0.98567915]
 [0.01262711 0.7780067  0.9084065 ]], 
 org_bid: 
 [[0. 0. 0.]], 
 bid: 
 [[0.9886692  0.8854247  0.98567915]
 [0.01262711 0.7780067  0.9084065 ]
 [0.         0.         0.        ]], 
 vol: 
 [[0.29583788 0.41980436 0.81883323]
 [0.620976   0.0109428  0.5386764 ]
 [0.6089297  0.7145954  0.16275857]]
2024-07-17 21:13:50,487:INFO:TRAIN-BATCH Iter: 27000, t = 3870.1799, Revenue: 1.245733, gmv: 0.540833, Regret: 0.000000, Reg_Loss: 0.000000, Lag_Loss: 0.000000, Net_Loss: -1.786566, w_rgt_mean: 2.093700, update_rate: 1.500000
2024-07-17 21:16:25,747:INFO:TRAIN-BATCH Iter: 28000, t = 4019.3211
 alloc: 
[[1.0000000e+00 3.9306115e-12 2.0179193e-14]
 [1.2263538e-13 1.0000000e+00 3.1761471e-10]
 [7.2592052e-13 1.2039515e-09 1.0000000e+00]], 
 pay: 
 [0.18156187 0.73973477 0.        ], 
 ad: 
 [[0.18156187 0.1261672  0.9724129 ]
 [0.36146122 0.73973477 0.29050502]], 
 org_bid: 
 [[0. 0. 0.]], 
 bid: 
 [[0.18156187 0.1261672  0.9724129 ]
 [0.36146122 0.73973477 0.29050502]
 [0.         0.         0.        ]], 
 vol: 
 [[0.45482156 0.22054437 0.2487277 ]
 [0.19682471 0.62523067 0.47962636]
 [0.6518088  0.43228593 0.20128776]]
2024-07-17 21:16:25,768:INFO:TRAIN-BATCH Iter: 28000, t = 4019.4802, Revenue: 1.238453, gmv: 0.549501, Regret: 0.000000, Reg_Loss: 0.000000, Lag_Loss: 0.000000, Net_Loss: -1.787954, w_rgt_mean: 2.093701, update_rate: 1.500000
2024-07-17 21:19:01,672:INFO:TRAIN-BATCH Iter: 29000, t = 4169.1943
 alloc: 
[[8.3963467e-09 1.0000000e+00 4.1058300e-13]
 [5.7210486e-15 3.3624120e-10 9.9999988e-01]
 [9.9999940e-01 4.0236223e-09 5.8096243e-11]], 
 pay: 
 [0.8571579  0.66566294 0.        ], 
 ad: 
 [[0.36772788 0.8571579  0.6584425 ]
 [0.2265772  0.08429863 0.665663  ]], 
 org_bid: 
 [[0. 0. 0.]], 
 bid: 
 [[0.36772788 0.8571579  0.6584425 ]
 [0.2265772  0.08429863 0.665663  ]
 [0.         0.         0.        ]], 
 vol: 
 [[0.74141526 0.8867896  0.73948777]
 [0.5071441  0.3855738  0.64293796]
 [0.46178874 0.72544706 0.1047911 ]]
2024-07-17 21:19:01,692:INFO:TRAIN-BATCH Iter: 29000, t = 4169.3633, Revenue: 1.254166, gmv: 0.548302, Regret: 0.000000, Reg_Loss: 0.000000, Lag_Loss: 0.000001, Net_Loss: -1.802468, w_rgt_mean: 2.093703, update_rate: 1.500000
2024-07-17 21:21:36,011:INFO:TRAIN-BATCH Iter: 30000, t = 4317.5754
 alloc: 
[[9.9999988e-01 3.4301884e-10 1.3348265e-11]
 [8.7089312e-14 1.0000000e+00 3.8965919e-10]
 [9.2733821e-11 2.7191896e-11 1.0000000e+00]], 
 pay: 
 [0.14783007 0.69947284 0.        ], 
 ad: 
 [[0.14783008 0.5908612  0.05652729]
 [0.8858166  0.69947284 0.39549303]], 
 org_bid: 
 [[0. 0. 0.]], 
 bid: 
 [[0.14783008 0.5908612  0.05652729]
 [0.8858166  0.69947284 0.39549303]
 [0.         0.         0.        ]], 
 vol: 
 [[0.9994023  0.2146291  0.5056123 ]
 [0.27186424 0.6619947  0.3628861 ]
 [0.23763648 0.5856339  0.6993125 ]]
2024-07-17 21:21:36,032:INFO:TRAIN-BATCH Iter: 30000, t = 4317.7437, Revenue: 1.223416, gmv: 0.574130, Regret: 0.000000, Reg_Loss: 0.000000, Lag_Loss: 0.000000, Net_Loss: -1.797546, w_rgt_mean: 2.093704, update_rate: 2.000000
2024-07-17 21:21:59,056:INFO:VAL-30000, Revenue: 1.247812, gmv: 0.550305, Regret: 0.000000, Reg_Loss: 0.000000, Lag_Loss: 0.000000, Net_Loss: -1.798116, w_rgt_mean: 2.093704, update_rate: 2.000000
2024-07-17 21:24:32,751:INFO:TRAIN-BATCH Iter: 31000, t = 4465.4237
 alloc: 
[[2.3688553e-09 1.0000000e+00 1.1146799e-13]
 [2.1559242e-14 1.4475538e-11 1.0000000e+00]
 [9.9999964e-01 8.2608625e-10 3.7265993e-12]], 
 pay: 
 [0.994969  0.9363659 0.       ], 
 ad: 
 [[0.52058977 0.994969   0.9727848 ]
 [0.59724087 0.7273931  0.9363659 ]], 
 org_bid: 
 [[0. 0. 0.]], 
 bid: 
 [[0.52058977 0.994969   0.9727848 ]
 [0.59724087 0.7273931  0.9363659 ]
 [0.         0.         0.        ]], 
 vol: 
 [[0.91709054 0.6965913  0.2596281 ]
 [0.31199664 0.8250413  0.8781644 ]
 [0.60964465 0.44096577 0.4801493 ]]
2024-07-17 21:24:32,770:INFO:TRAIN-BATCH Iter: 31000, t = 4465.5665, Revenue: 1.257358, gmv: 0.556760, Regret: 0.000000, Reg_Loss: 0.000000, Lag_Loss: 0.000000, Net_Loss: -1.814118, w_rgt_mean: 2.093706, update_rate: 2.000000
2024-07-17 21:27:08,148:INFO:TRAIN-BATCH Iter: 32000, t = 4614.9293
 alloc: 
[[9.9999845e-01 1.5060316e-06 7.1771311e-11]
 [1.6621169e-13 1.3206739e-09 1.0000000e+00]
 [1.3933037e-06 9.9999535e-01 1.5391131e-10]], 
 pay: 
 [0.9637353  0.01756318 0.        ], 
 ad: 
 [[0.9637366  0.09933208 0.12923074]
 [0.24969964 0.06287504 0.01756318]], 
 org_bid: 
 [[0. 0. 0.]], 
 bid: 
 [[0.9637366  0.09933208 0.12923074]
 [0.24969964 0.06287504 0.01756318]
 [0.         0.         0.        ]], 
 vol: 
 [[0.9641576  0.19741361 0.6772685 ]
 [0.70367527 0.22102548 0.38315   ]
 [0.15337425 0.27918014 0.63131166]]
2024-07-17 21:27:08,170:INFO:TRAIN-BATCH Iter: 32000, t = 4615.0815, Revenue: 1.229401, gmv: 0.520660, Regret: 0.000000, Reg_Loss: 0.000000, Lag_Loss: 0.000001, Net_Loss: -1.750060, w_rgt_mean: 2.093709, update_rate: 2.000000
2024-07-17 21:29:42,314:INFO:TRAIN-BATCH Iter: 33000, t = 4763.1239
 alloc: 
[[3.9595289e-08 1.0000000e+00 1.8264413e-11]
 [1.0333943e-14 3.7041528e-10 1.0000000e+00]
 [9.9999988e-01 3.7456029e-09 9.8618240e-12]], 
 pay: 
 [0.66220456 0.6634765  0.        ], 
 ad: 
 [[0.09261132 0.66220456 0.28532913]
 [0.8452869  0.893815   0.6634765 ]], 
 org_bid: 
 [[0. 0. 0.]], 
 bid: 
 [[0.09261132 0.66220456 0.28532913]
 [0.8452869  0.893815   0.6634765 ]
 [0.         0.         0.        ]], 
 vol: 
 [[0.9848513  0.66564107 0.67544526]
 [0.8835209  0.5575058  0.303092  ]
 [0.49274457 0.63949156 0.03285369]]
2024-07-17 21:29:42,334:INFO:TRAIN-BATCH Iter: 33000, t = 4763.2796, Revenue: 1.265252, gmv: 0.539813, Regret: 0.000000, Reg_Loss: 0.000000, Lag_Loss: 0.000001, Net_Loss: -1.805065, w_rgt_mean: 2.093714, update_rate: 2.000000
2024-07-17 21:32:15,072:INFO:TRAIN-BATCH Iter: 34000, t = 4909.9577
 alloc: 
[[7.1120687e-09 1.0000000e+00 1.9931530e-12]
 [1.3190814e-15 9.5716025e-11 1.0000000e+00]
 [1.0000000e+00 7.0677775e-10 2.8928498e-12]], 
 pay: 
 [0.54636914 0.968145   0.        ], 
 ad: 
 [[0.34479696 0.54636914 0.6272888 ]
 [0.41207066 0.53841364 0.968145  ]], 
 org_bid: 
 [[0. 0. 0.]], 
 bid: 
 [[0.34479696 0.54636914 0.6272888 ]
 [0.41207066 0.53841364 0.968145  ]
 [0.         0.         0.        ]], 
 vol: 
 [[0.9908044  0.55017656 0.1955917 ]
 [0.34780344 0.8777424  0.68931353]
 [0.5132471  0.68352264 0.45960683]]
2024-07-17 21:32:15,095:INFO:TRAIN-BATCH Iter: 34000, t = 4910.1183, Revenue: 1.250715, gmv: 0.535123, Regret: 0.000000, Reg_Loss: 0.000000, Lag_Loss: 0.000000, Net_Loss: -1.785837, w_rgt_mean: 2.093717, update_rate: 2.000000
2024-07-17 21:34:49,427:INFO:TRAIN-BATCH Iter: 35000, t = 5058.4756
 alloc: 
[[1.0000000e+00 1.3309972e-12 1.9333091e-15]
 [7.4580116e-15 1.0000000e+00 9.6521258e-10]
 [8.8234968e-14 3.4168282e-10 1.0000000e+00]], 
 pay: 
 [0.83279085 0.9063863  0.        ], 
 ad: 
 [[0.83279085 0.09566323 0.6825708 ]
 [0.9386491  0.9063863  0.5640656 ]], 
 org_bid: 
 [[0. 0. 0.]], 
 bid: 
 [[0.83279085 0.09566323 0.6825708 ]
 [0.9386491  0.9063863  0.5640656 ]
 [0.         0.         0.        ]], 
 vol: 
 [[0.4618526  0.5935419  0.22202863]
 [0.26855683 0.23105526 0.4421928 ]
 [0.214279   0.26978302 0.64228195]]
2024-07-17 21:34:49,454:INFO:TRAIN-BATCH Iter: 35000, t = 5058.6185, Revenue: 1.280631, gmv: 0.552105, Regret: 0.000032, Reg_Loss: 0.000000, Lag_Loss: 0.000133, Net_Loss: -1.832604, w_rgt_mean: 2.093786, update_rate: 2.000000
2024-07-17 21:37:25,054:INFO:TRAIN-BATCH Iter: 36000, t = 5207.9601
 alloc: 
[[4.94199881e-09 1.00000000e+00 6.13936419e-13]
 [7.99151699e-15 1.12896616e-10 1.00000000e+00]
 [1.00000000e+00 6.92041424e-10 9.67017048e-13]], 
 pay: 
 [0.36159727 0.5414816  0.        ], 
 ad: 
 [[0.33420202 0.36159727 0.5218063 ]
 [0.56234884 0.20596644 0.5414816 ]], 
 org_bid: 
 [[0. 0. 0.]], 
 bid: 
 [[0.33420202 0.36159727 0.5218063 ]
 [0.56234884 0.20596644 0.5414816 ]
 [0.         0.         0.        ]], 
 vol: 
 [[0.32517508 0.4731967  0.4746128 ]
 [0.8326441  0.9883924  0.6856033 ]
 [0.90221673 0.4387115  0.56834865]]
2024-07-17 21:37:25,075:INFO:TRAIN-BATCH Iter: 36000, t = 5208.1293, Revenue: 1.302251, gmv: 0.538271, Regret: 0.000000, Reg_Loss: 0.000000, Lag_Loss: 0.000000, Net_Loss: -1.840521, w_rgt_mean: 2.093820, update_rate: 2.000000
2024-07-17 21:39:57,636:INFO:TRAIN-BATCH Iter: 37000, t = 5354.7127
 alloc: 
[[1.0000000e+00 1.4155864e-11 4.1048707e-15]
 [2.5754455e-14 1.0000000e+00 3.6728320e-10]
 [2.0380301e-13 8.3086316e-10 1.0000000e+00]], 
 pay: 
 [0.98926914 0.5254073  0.        ], 
 ad: 
 [[0.98926914 0.47317442 0.317544  ]
 [0.0754129  0.5254073  0.15434757]], 
 org_bid: 
 [[0. 0. 0.]], 
 bid: 
 [[0.98926914 0.47317442 0.317544  ]
 [0.0754129  0.5254073  0.15434757]
 [0.         0.         0.        ]], 
 vol: 
 [[0.5363374  0.6190081  0.26308268]
 [0.16395493 0.47347203 0.33085534]
 [0.29707193 0.47535792 0.39284474]]
2024-07-17 21:39:57,660:INFO:TRAIN-BATCH Iter: 37000, t = 5354.8788, Revenue: 1.229571, gmv: 0.544060, Regret: 0.000000, Reg_Loss: 0.000000, Lag_Loss: 0.000000, Net_Loss: -1.773631, w_rgt_mean: 2.094954, update_rate: 2.000000
2024-07-17 21:42:33,249:INFO:TRAIN-BATCH Iter: 38000, t = 5504.3222
 alloc: 
[[9.9999976e-01 1.0560228e-08 3.6172864e-12]
 [2.5561428e-15 9.9999988e-01 7.0161104e-09]
 [1.8115489e-09 1.5697718e-10 1.0000000e+00]], 
 pay: 
 [0.20089336 0.77406305 0.        ], 
 ad: 
 [[0.2008934  0.43674186 0.71931404]
 [0.67784506 0.77406317 0.27964953]], 
 org_bid: 
 [[0. 0. 0.]], 
 bid: 
 [[0.2008934  0.43674186 0.71931404]
 [0.67784506 0.77406317 0.27964953]
 [0.         0.         0.        ]], 
 vol: 
 [[0.57633114 0.7621133  0.9538108 ]
 [0.39433712 0.75208    0.9073297 ]
 [0.02896704 0.01930292 0.84979403]]
2024-07-17 21:42:33,272:INFO:TRAIN-BATCH Iter: 38000, t = 5504.5020, Revenue: 1.263443, gmv: 0.544686, Regret: 0.000000, Reg_Loss: 0.000000, Lag_Loss: 0.000002, Net_Loss: -1.808128, w_rgt_mean: 2.094956, update_rate: 2.000000
2024-07-17 21:45:09,781:INFO:TRAIN-BATCH Iter: 39000, t = 5654.8294
 alloc: 
[[9.9999917e-01 8.5624656e-08 3.7021664e-11]
 [4.0904271e-15 2.8304789e-10 1.0000000e+00]
 [6.9267983e-08 9.9999917e-01 1.6988170e-11]], 
 pay: 
 [0.54903656 0.13242964 0.        ], 
 ad: 
 [[0.54903704 0.17509188 0.47482318]
 [0.611994   0.6497139  0.13242964]], 
 org_bid: 
 [[0. 0. 0.]], 
 bid: 
 [[0.54903704 0.17509188 0.47482318]
 [0.611994   0.6497139  0.13242964]
 [0.         0.         0.        ]], 
 vol: 
 [[0.79631275 0.39394796 0.7217765 ]
 [0.01567392 0.62580603 0.8251156 ]
 [0.20481084 0.99569184 0.14134985]]
2024-07-17 21:45:09,803:INFO:TRAIN-BATCH Iter: 39000, t = 5654.9956, Revenue: 1.250355, gmv: 0.529760, Regret: 0.000000, Reg_Loss: 0.000000, Lag_Loss: 0.000000, Net_Loss: -1.780115, w_rgt_mean: 2.094958, update_rate: 2.000000
2024-07-17 21:47:44,819:INFO:TRAIN-BATCH Iter: 40000, t = 5803.8610
 alloc: 
[[1.4430075e-08 1.0000000e+00 2.6235708e-12]
 [1.7007839e-16 1.3615029e-09 1.0000000e+00]
 [1.0000000e+00 8.4210026e-09 7.5032810e-12]], 
 pay: 
 [0.97249675 0.28655922 0.        ], 
 ad: 
 [[0.32232127 0.97249675 0.6080631 ]
 [0.7847476  0.6023902  0.28655922]], 
 org_bid: 
 [[0. 0. 0.]], 
 bid: 
 [[0.32232127 0.97249675 0.6080631 ]
 [0.7847476  0.6023902  0.28655922]
 [0.         0.         0.        ]], 
 vol: 
 [[0.19502248 0.72253734 0.766009  ]
 [0.38558072 0.9682538  0.77339464]
 [0.7052473  0.89139247 0.38513285]]
2024-07-17 21:47:44,840:INFO:TRAIN-BATCH Iter: 40000, t = 5804.0292, Revenue: 1.277656, gmv: 0.556251, Regret: 0.000000, Reg_Loss: 0.000000, Lag_Loss: 0.000000, Net_Loss: -1.833907, w_rgt_mean: 2.098562, update_rate: 2.500000
2024-07-17 21:48:07,506:INFO:VAL-40000, Revenue: 1.240591, gmv: 0.552150, Regret: 0.000000, Reg_Loss: 0.000000, Lag_Loss: 0.000001, Net_Loss: -1.792739, w_rgt_mean: 2.098562, update_rate: 2.500000
2024-07-17 21:50:44,040:INFO:TRAIN-BATCH Iter: 41000, t = 5954.3830
 alloc: 
[[1.0000000e+00 4.1179237e-13 2.4016484e-16]
 [1.7218494e-13 1.0000000e+00 4.2897683e-10]
 [4.0281655e-14 1.7644682e-09 1.0000000e+00]], 
 pay: 
 [0.57306385 0.80160904 0.        ], 
 ad: 
 [[5.7306385e-01 4.7520205e-01 2.2969357e-04]
 [6.1550075e-01 8.0160904e-01 3.1184644e-01]], 
 org_bid: 
 [[0. 0. 0.]], 
 bid: 
 [[5.7306385e-01 4.7520205e-01 2.2969357e-04]
 [6.1550075e-01 8.0160904e-01 3.1184644e-01]
 [0.0000000e+00 0.0000000e+00 0.0000000e+00]], 
 vol: 
 [[0.27354905 0.11133031 0.9044449 ]
 [0.086312   0.82948506 0.28651476]
 [0.04823614 0.09628108 0.17048976]]
2024-07-17 21:50:44,063:INFO:TRAIN-BATCH Iter: 41000, t = 5954.5520, Revenue: 1.269241, gmv: 0.544457, Regret: 0.000000, Reg_Loss: 0.000000, Lag_Loss: 0.000000, Net_Loss: -1.813697, w_rgt_mean: 2.098564, update_rate: 2.500000
2024-07-17 21:53:20,243:INFO:TRAIN-BATCH Iter: 42000, t = 6104.5548
 alloc: 
[[4.6299355e-08 1.0000000e+00 4.7486893e-12]
 [6.3454430e-14 1.4418038e-10 1.0000000e+00]
 [9.9999988e-01 3.5054986e-09 1.7442724e-11]], 
 pay: 
 [0.63056993 0.40948468 0.        ], 
 ad: 
 [[0.5839216  0.63056993 0.4996693 ]
 [0.28055856 0.40106544 0.40948468]], 
 org_bid: 
 [[0. 0. 0.]], 
 bid: 
 [[0.5839216  0.63056993 0.4996693 ]
 [0.28055856 0.40106544 0.40948468]
 [0.         0.         0.        ]], 
 vol: 
 [[0.6801115  0.528149   0.98885745]
 [0.43340853 0.45625028 0.01193039]
 [0.7760175  0.1696944  0.25704935]]
2024-07-17 21:53:20,265:INFO:TRAIN-BATCH Iter: 42000, t = 6104.7208, Revenue: 1.227946, gmv: 0.553882, Regret: 0.000000, Reg_Loss: 0.000000, Lag_Loss: 0.000000, Net_Loss: -1.781827, w_rgt_mean: 2.098565, update_rate: 2.500000
2024-07-17 21:55:55,122:INFO:TRAIN-BATCH Iter: 43000, t = 6253.4403
 alloc: 
[[1.0000000e+00 2.7787267e-13 2.1240526e-16]
 [3.9422129e-15 1.0000000e+00 2.3168381e-09]
 [7.4973800e-14 3.6070613e-09 9.9999988e-01]], 
 pay: 
 [0.8836888  0.64985293 0.        ], 
 ad: 
 [[0.8836888  0.20441361 0.8143934 ]
 [0.20760795 0.64985293 0.15660176]], 
 org_bid: 
 [[0. 0. 0.]], 
 bid: 
 [[0.8836888  0.20441361 0.8143934 ]
 [0.20760795 0.64985293 0.15660176]
 [0.         0.         0.        ]], 
 vol: 
 [[0.02368664 0.487702   0.6190805 ]
 [0.0608051  0.5614498  0.6520791 ]
 [0.4324141  0.25196785 0.8030904 ]]
2024-07-17 21:55:55,142:INFO:TRAIN-BATCH Iter: 43000, t = 6253.6073, Revenue: 1.231081, gmv: 0.528287, Regret: 0.000000, Reg_Loss: 0.000000, Lag_Loss: 0.000001, Net_Loss: -1.759367, w_rgt_mean: 2.098567, update_rate: 2.500000
2024-07-17 21:58:27,617:INFO:TRAIN-BATCH Iter: 44000, t = 6400.1889
 alloc: 
[[1.0000000e+00 6.1826917e-09 7.5767084e-13]
 [1.0721847e-15 9.3103036e-10 1.0000000e+00]
 [3.8184003e-09 9.9999940e-01 6.3544450e-13]], 
 pay: 
 [0.52987415 0.7270047  0.        ], 
 ad: 
 [[0.52987415 0.40867108 0.7425615 ]
 [0.13091822 0.05187264 0.7270047 ]], 
 org_bid: 
 [[0. 0. 0.]], 
 bid: 
 [[0.52987415 0.40867108 0.7425615 ]
 [0.13091822 0.05187264 0.7270047 ]
 [0.         0.         0.        ]], 
 vol: 
 [[0.21006235 0.50772786 0.37358406]
 [0.5339553  0.04662371 0.5194507 ]
 [0.9592407  0.6733072  0.6749665 ]]
2024-07-17 21:58:27,639:INFO:TRAIN-BATCH Iter: 44000, t = 6400.3503, Revenue: 1.204662, gmv: 0.540528, Regret: 0.000000, Reg_Loss: 0.000000, Lag_Loss: 0.000000, Net_Loss: -1.745189, w_rgt_mean: 2.098571, update_rate: 2.500000
2024-07-17 22:01:02,978:INFO:TRAIN-BATCH Iter: 45000, t = 6549.5579
 alloc: 
[[1.0000000e+00 3.1930526e-13 8.6588314e-17]
 [6.1179866e-16 1.0000000e+00 1.3960835e-09]
 [5.8773346e-14 9.9487831e-09 1.0000000e+00]], 
 pay: 
 [0.7232943 0.754969  0.       ], 
 ad: 
 [[0.7232943  0.09784677 0.1490896 ]
 [0.42510948 0.75496936 0.16027202]], 
 org_bid: 
 [[0. 0. 0.]], 
 bid: 
 [[0.7232943  0.09784677 0.1490896 ]
 [0.42510948 0.75496936 0.16027202]
 [0.         0.         0.        ]], 
 vol: 
 [[0.9355965  0.48127413 0.06152682]
 [0.72304064 0.8993175  0.59211195]
 [0.4249668  0.43959844 0.8149495 ]]
2024-07-17 22:01:03,000:INFO:TRAIN-BATCH Iter: 45000, t = 6549.7216, Revenue: 1.233306, gmv: 0.531956, Regret: 0.000000, Reg_Loss: 0.000000, Lag_Loss: 0.000000, Net_Loss: -1.765261, w_rgt_mean: 2.098572, update_rate: 2.500000
2024-07-17 22:03:41,008:INFO:TRAIN-BATCH Iter: 46000, t = 6701.5301
 alloc: 
[[4.3975006e-09 1.0000000e+00 2.8315978e-13]
 [3.2976123e-16 3.5297692e-11 1.0000000e+00]
 [1.0000000e+00 1.9676369e-09 1.0699392e-12]], 
 pay: 
 [0.81202257 0.79887855 0.        ], 
 ad: 
 [[0.23852624 0.81202257 0.47979933]
 [0.48061576 0.6875147  0.79887855]], 
 org_bid: 
 [[0. 0. 0.]], 
 bid: 
 [[0.23852624 0.81202257 0.47979933]
 [0.48061576 0.6875147  0.79887855]
 [0.         0.         0.        ]], 
 vol: 
 [[0.05042968 0.59876263 0.11852508]
 [0.7739222  0.83326215 0.9717048 ]
 [0.60183567 0.66463923 0.51536435]]
2024-07-17 22:03:41,029:INFO:TRAIN-BATCH Iter: 46000, t = 6701.6729, Revenue: 1.207301, gmv: 0.549626, Regret: 0.000000, Reg_Loss: 0.000000, Lag_Loss: 0.000000, Net_Loss: -1.756927, w_rgt_mean: 2.098572, update_rate: 2.500000
2024-07-17 22:06:16,844:INFO:TRAIN-BATCH Iter: 47000, t = 6851.3654
 alloc: 
[[1.0000000e+00 4.4294612e-14 1.1569786e-17]
 [3.5155967e-16 1.0000000e+00 1.4170223e-09]
 [2.8864701e-14 2.6710323e-09 1.0000000e+00]], 
 pay: 
 [0.75293154 0.20327935 0.        ], 
 ad: 
 [[0.75293154 0.26428685 0.5292439 ]
 [0.7043783  0.20327939 0.338095  ]], 
 org_bid: 
 [[0. 0. 0.]], 
 bid: 
 [[0.75293154 0.26428685 0.5292439 ]
 [0.7043783  0.20327939 0.338095  ]
 [0.         0.         0.        ]], 
 vol: 
 [[0.5264123  0.61801517 0.32425043]
 [0.10020939 0.8837863  0.79018843]
 [0.5276163  0.19489281 0.9370977 ]]
2024-07-17 22:06:16,867:INFO:TRAIN-BATCH Iter: 47000, t = 6851.5369, Revenue: 1.229791, gmv: 0.531738, Regret: 0.000000, Reg_Loss: 0.000000, Lag_Loss: 0.000000, Net_Loss: -1.761528, w_rgt_mean: 2.098572, update_rate: 2.500000
2024-07-17 22:08:51,667:INFO:TRAIN-BATCH Iter: 48000, t = 7000.1867
 alloc: 
[[1.5600005e-09 1.0000000e+00 9.5704376e-14]
